18.613678
18.448651
18.364707
18.310384
18.344579
18.318847
18.290485
18.282708
18.233074
18.237191
18.224726
18.206542
18.217406
18.163884
18.200938
18.196821
18.179437
18.155421
18.145014
18.136208
18.137237
18.151304
18.847
18.766
18.768
18.733
18.705
18.683
18.640
18.605
18.568
18.607
18.590
18.496
18.488
18.477
18.448
18.446
18.421
18.407
18.385
18.346
18.282
18.252
18.227
18.204
18.206
18.176
18.179
18.194
18.174
18.293
18.271
18.259
18.255
18.222
18.230
18.233
18.237
18.206
18.209
18.442
18.372
18.391
18.401
18.351
18.354
18.344
18.375
18.321
18.320
18.192
18.194
18.187
18.150
18.147
18.162
18.147
18.129
18.130
18.144
18.344
18.308
18.316
18.291
18.297
18.275
18.267
18.284
18.263
18.239
18.219
18.173
18.164
18.179
18.169
18.139
18.139
18.138
18.104
18.095
18.419
18.340
18.369
18.309
18.305
18.283
18.283
18.293
18.264
18.261
18.203
18.196
18.174
18.224
18.196
18.191
18.181
18.179
18.136
18.149
18.146
18.108
18.096
18.105
18.109
18.081
18.084
18.052
18.073
18.104
18.204
18.171
18.150
18.136
18.119
18.146
18.121
18.134
18.119
18.115
18.264
18.270
18.231
18.220
18.225
18.199
18.185
18.212
18.189
18.194
18.167
18.145
18.134
18.115
18.101
18.120
18.131
18.111
18.120
18.108
18.263
18.238
18.235
18.218
18.192
18.188
18.179
18.173
18.172
18.170
18.194
18.175
18.163
18.172
18.166
18.178
18.158
18.165
18.150
18.156
18.144
18.090
18.083
18.079
18.069
18.069
18.064
18.069
18.069
18.064
18.163
18.157
18.166
18.146
18.153
18.148
18.158
18.139
18.139
18.138
18.107
18.099
18.066
18.071
18.092
18.065
18.068
18.066
18.066
18.067
18.139
18.130
18.136
18.120
18.121
18.115
18.124
18.137
18.111
18.114
18.051
18.042
18.032
18.032
18.007
18.005
18.005
18.014
18.010
18.083
