0.000000 -0.062000 0.044000 0.004000 -0.031000 -0.012000 -0.007000 -0.062000 -0.062000 
-0.106000 -0.108000 -0.048000 -0.058000 -0.050000 -0.058000 -0.048000 -0.108000 -0.106000 
0.028000 0.037000 -0.100000 -0.014000 0.001000 -0.014000 -0.100000 0.037000 0.028000 
-0.003000 -0.035000 0.129000 0.093000 0.013000 0.093000 0.129000 -0.035000 -0.003000 
0.031000 -0.092000 0.110000 0.116000 0.000000 0.116000 0.110000 -0.089000 0.031000 
0.071000 -0.100000 0.232000 0.127000 0.057000 0.127000 0.232000 -0.100000 0.071000 
0.147000 -0.025000 -0.026000 0.080000 0.093000 0.080000 -0.026000 -0.025000 0.147000 
-0.106000 -0.108000 0.007000 -0.062000 -0.050000 -0.062000 0.007000 -0.108000 -0.106000 
-0.100000 -0.100000 0.118000 0.025000 -0.006000 0.025000 0.118000 -0.100000 -0.100000 

-0.050000 0.000000 0.037000 0.000000 -0.032000 -0.011000 -0.010000 -0.062000 -0.062000 
-0.106000 -0.108000 -0.048000 -0.058000 -0.050000 -0.058000 -0.048000 -0.108000 -0.106000 
0.030000 0.037000 -0.100000 -0.014000 0.001000 -0.014000 -0.100000 0.037000 0.026000 
-0.004000 -0.035000 0.136000 0.093000 0.013000 0.093000 0.128000 -0.035000 -0.003000 
0.030000 -0.093000 0.110000 0.115000 0.000000 0.117000 0.108000 -0.089000 0.032000 
0.071000 -0.100000 0.231000 0.127000 0.057000 0.127000 0.231000 -0.100000 0.072000 
0.147000 -0.026000 -0.026000 0.080000 0.093000 0.080000 -0.026000 -0.025000 0.147000 
-0.106000 -0.108000 0.007000 -0.061000 -0.050000 -0.062000 0.008000 -0.108000 -0.106000 
-0.100000 -0.100000 0.119000 0.025000 -0.006000 0.025000 0.119000 -0.100000 -0.100000 

-0.052000 -0.052000 0.000000 -2.058500 -0.197000 -0.293500 -0.437000 -0.059000 -0.059000 
-0.106000 -0.108000 -1.692000 -0.503000 -0.381000 -0.844000 0.312500 -0.108000 -0.106000 
-0.677000 -2.073000 -0.848000 0.106000 1.426000 -0.117000 0.594500 -0.769000 -0.434000 
-2.132000 -1.150000 0.138000 -0.493000 0.151000 0.392000 0.078000 0.337000 0.001500 
-0.879500 -0.532000 2.248000 -0.392000 0.000000 0.030500 2.318500 0.568500 0.005500 
0.424000 -1.034000 0.232000 0.290500 0.064000 0.531000 0.244000 -0.057500 0.359000 
0.107000 0.891500 0.137000 -0.440000 1.072500 -0.202500 0.298500 0.725000 0.224000 
-0.106000 -0.108000 0.956000 0.700000 0.317000 0.379000 0.354000 -0.108000 -0.106000 
-0.100000 -0.100000 0.957000 0.544000 -0.142000 0.300000 0.098000 -0.100000 -0.100000 

-0.056000 -0.056000 -0.713000 0.000000 -0.353000 -1.020500 -0.629500 -0.057000 -0.057000 
-0.106000 -0.108000 -0.304000 -0.345000 -0.350000 0.083500 0.951000 -0.108000 -0.106000 
-0.945500 -0.340000 -0.614000 -0.047000 -0.625500 0.135000 -0.196000 -0.337000 -0.524000 
-0.330000 -0.482000 0.136000 -0.929000 0.098000 0.933500 0.129000 -0.051000 0.494000 
-0.068000 -0.410000 0.556000 0.058000 0.000000 0.121000 0.191000 0.378000 -0.236500 
0.276500 0.119500 0.233000 0.193500 0.100000 0.377000 0.230000 0.521000 0.251500 
-0.275000 0.339000 0.318000 -0.111000 0.960500 -0.008000 0.397000 0.201000 -0.479000 
-0.106000 -0.108000 0.519000 0.707500 0.422000 0.298500 0.048000 -0.108000 -0.106000 
-0.100000 -0.100000 0.024500 -0.013000 0.274000 -0.097000 -0.507500 -0.100000 -0.100000 

-0.056000 -0.056000 -1.271000 -1.223000 0.000000 -1.223000 -1.271000 -0.056000 -0.056000 
-0.106000 -0.108000 -0.469000 -0.352000 -0.870000 -0.352000 -0.469000 -0.108000 -0.106000 
-0.052000 -1.200000 -0.935000 -2.049500 -1.055000 -2.049500 -0.935000 -1.200000 -0.052000 
-0.657000 -0.152500 0.129000 0.718000 0.034000 0.718000 0.129000 -0.152500 -0.657000 
0.134000 -0.007000 0.551000 -0.217500 0.000000 -0.217500 0.551000 -0.007000 0.134000 
1.288000 0.620000 0.232000 1.202500 -0.277000 1.202500 0.232000 0.620000 1.288000 
0.367500 1.040000 0.677500 0.036000 2.079000 0.036000 0.677500 1.040000 0.367500 
-0.106000 -0.108000 1.093500 1.281500 0.318000 1.281500 1.093500 -0.108000 -0.106000 
-0.100000 -0.100000 0.504500 0.797000 0.515500 0.797000 0.504500 -0.100000 -0.100000 

-0.057000 -0.057000 -0.629500 -1.020500 -0.353000 0.000000 -0.713000 -0.056000 -0.056000 
-0.106000 -0.108000 0.951000 0.083500 -0.350000 -0.345000 -0.304000 -0.108000 -0.106000 
-0.524000 -0.337000 -0.196000 0.135000 -0.625500 -0.047000 -0.614000 -0.340000 -0.945500 
0.494000 -0.051000 0.129000 0.933500 0.098000 -0.929000 0.136000 -0.482000 -0.330000 
-0.236500 0.378000 0.191000 0.121000 0.000000 0.058000 0.556000 -0.410000 -0.068000 
0.251500 0.521000 0.230000 0.377000 0.100000 0.193500 0.233000 0.119500 0.276500 
-0.479000 0.201000 0.397000 -0.008000 0.960500 -0.111000 0.318000 0.339000 -0.275000 
-0.106000 -0.108000 0.048000 0.298500 0.422000 0.707500 0.519000 -0.108000 -0.106000 
-0.100000 -0.100000 -0.507500 -0.097000 0.274000 -0.013000 0.024500 -0.100000 -0.100000 

-0.059000 -0.059000 -0.437000 -0.293500 -0.197000 -2.058500 0.000000 -0.052000 -0.052000 
-0.106000 -0.108000 0.312500 -0.844000 -0.381000 -0.503000 -1.692000 -0.108000 -0.106000 
-0.434000 -0.769000 0.594500 -0.117000 1.426000 0.106000 -0.848000 -2.073000 -0.677000 
0.001500 0.337000 0.078000 0.392000 0.151000 -0.493000 0.138000 -1.150000 -2.132000 
0.005500 0.568500 2.318500 0.030500 0.000000 -0.392000 2.248000 -0.532000 -0.879500 
0.359000 -0.057500 0.244000 0.531000 0.064000 0.290500 0.232000 -1.034000 0.424000 
0.224000 0.725000 0.298500 -0.202500 1.072500 -0.440000 0.137000 0.891500 0.107000 
-0.106000 -0.108000 0.354000 0.379000 0.317000 0.700000 0.956000 -0.108000 -0.106000 
-0.100000 -0.100000 0.098000 0.300000 -0.142000 0.544000 0.957000 -0.100000 -0.100000 

-0.062000 -0.062000 -0.010000 -0.011000 -0.032000 0.000000 0.037000 0.000000 -0.050000 
-0.106000 -0.108000 -0.048000 -0.058000 -0.050000 -0.058000 -0.048000 -0.108000 -0.106000 
0.026000 0.037000 -0.100000 -0.014000 0.001000 -0.014000 -0.100000 0.037000 0.030000 
-0.003000 -0.035000 0.128000 0.093000 0.013000 0.093000 0.136000 -0.035000 -0.004000 
0.032000 -0.089000 0.108000 0.117000 0.000000 0.115000 0.110000 -0.093000 0.030000 
0.072000 -0.100000 0.231000 0.127000 0.057000 0.127000 0.231000 -0.100000 0.071000 
0.147000 -0.025000 -0.026000 0.080000 0.093000 0.080000 -0.026000 -0.026000 0.147000 
-0.106000 -0.108000 0.008000 -0.062000 -0.050000 -0.061000 0.007000 -0.108000 -0.106000 
-0.100000 -0.100000 0.119000 0.025000 -0.006000 0.025000 0.119000 -0.100000 -0.100000 

-0.062000 -0.062000 -0.007000 -0.012000 -0.031000 0.004000 0.044000 -0.062000 0.000000 
-0.106000 -0.108000 -0.048000 -0.058000 -0.050000 -0.058000 -0.048000 -0.108000 -0.106000 
0.028000 0.037000 -0.100000 -0.014000 0.001000 -0.014000 -0.100000 0.037000 0.028000 
-0.003000 -0.035000 0.129000 0.093000 0.013000 0.093000 0.129000 -0.035000 -0.003000 
0.031000 -0.089000 0.110000 0.116000 0.000000 0.116000 0.110000 -0.092000 0.031000 
0.071000 -0.100000 0.232000 0.127000 0.057000 0.127000 0.232000 -0.100000 0.071000 
0.147000 -0.025000 -0.026000 0.080000 0.093000 0.080000 -0.026000 -0.025000 0.147000 
-0.106000 -0.108000 0.007000 -0.062000 -0.050000 -0.062000 0.007000 -0.108000 -0.106000 
-0.100000 -0.100000 0.118000 0.025000 -0.006000 0.025000 0.118000 -0.100000 -0.100000 

-0.028000 -0.028000 0.080000 0.040000 0.001000 0.004000 0.046000 -0.028000 -0.028000 
0.000000 -0.066000 -0.030000 -0.048000 -0.066000 -0.025000 0.000000 -0.066000 -0.066000 
0.028000 0.037000 -0.100000 -0.012000 0.001000 -0.015000 -0.100000 0.038000 0.028000 
-0.003000 -0.035000 0.129000 0.093000 0.013000 0.093000 0.129000 -0.035000 -0.003000 
0.031000 -0.101000 0.110000 0.119000 0.000000 0.114000 0.110000 -0.099000 0.031000 
0.070000 -0.100000 0.232000 0.127000 0.057000 0.127000 0.231000 -0.100000 0.071000 
0.147000 -0.025000 -0.027000 0.079000 0.093000 0.080000 -0.026000 -0.025000 0.148000 
-0.100000 -0.100000 0.007000 -0.062000 -0.050000 -0.062000 0.006000 -0.100000 -0.100000 
-0.100000 -0.100000 0.119000 0.026000 -0.006000 0.025000 0.118000 -0.100000 -0.100000 

-0.028000 -0.028000 0.076000 0.038000 0.000000 0.008000 0.051000 -0.028000 -0.028000 
-0.062000 0.000000 -0.032000 -0.049000 -0.066000 -0.025000 0.000000 -0.066000 -0.066000 
0.029000 0.037000 -0.100000 -0.014000 0.001000 -0.014000 -0.100000 0.037000 0.025000 
-0.002000 -0.035000 0.128000 0.092000 0.013000 0.094000 0.131000 -0.035000 -0.003000 
0.031000 -0.101000 0.114000 0.117000 0.000000 0.114000 0.107000 -0.099000 0.032000 
0.070000 -0.100000 0.231000 0.126000 0.057000 0.127000 0.229000 -0.100000 0.072000 
0.148000 -0.024000 -0.027000 0.079000 0.093000 0.079000 -0.026000 -0.025000 0.148000 
-0.100000 -0.100000 0.007000 -0.062000 -0.050000 -0.062000 0.006000 -0.100000 -0.100000 
-0.100000 -0.100000 0.119000 0.026000 -0.006000 0.026000 0.119000 -0.100000 -0.100000 

-0.026000 -0.026000 -0.025000 -0.133000 0.269500 0.351000 -0.032000 -0.026000 -0.026000 
-0.068000 -0.070000 0.000000 -0.529000 -0.260000 -0.232500 -0.360000 -0.072000 -0.070000 
-0.688000 -0.427000 -0.491500 -0.024000 -0.009000 0.016000 0.309500 -0.006000 -0.134000 
-0.174000 -0.172000 0.136000 -0.969000 -0.083000 0.249000 0.129000 -0.413000 -0.043000 
0.112000 -0.164000 0.007000 0.121000 0.000000 0.117000 1.517500 0.367000 0.134000 
-0.056500 -0.040000 0.232000 1.101500 0.059000 0.314000 0.231000 -0.008000 0.219000 
-0.233000 -0.118000 -0.038000 0.069000 0.118000 0.100000 -0.089000 0.361000 -0.290000 
-0.106000 -0.108000 -0.628000 -0.143000 0.041000 0.067000 -0.133000 -0.108000 -0.106000 
-0.104000 -0.104000 0.093000 0.177500 -0.277000 0.243000 -0.020000 -0.104000 -0.104000 

-0.028000 -0.028000 -0.001000 -0.288000 -0.122000 0.052000 0.802500 -0.028000 -0.028000 
-0.069000 -0.071000 -0.546000 0.000000 -0.422000 -0.721000 -0.391000 -0.071000 -0.069000 
-0.090000 -0.431000 1.375000 -0.059000 -0.051000 -0.038000 0.621500 -0.146500 -0.135000 
-0.635000 -0.242000 0.129000 0.034000 0.000000 -0.118500 0.132000 -0.472000 0.272500 
-0.344000 -0.243000 0.435500 0.118000 0.000000 0.114000 2.045000 0.407000 0.005000 
-0.082000 -0.351000 0.231000 0.357500 0.055000 0.513500 0.230000 -0.292500 -0.011500 
-0.014000 0.036500 -0.480000 0.056000 0.073500 0.016000 0.597500 0.175000 -0.027000 
-0.106000 -0.108000 -0.261000 0.337000 0.105000 -0.407000 0.039000 -0.108000 -0.106000 
-0.100000 -0.100000 -0.205000 0.039500 -0.099000 0.075000 -0.357500 -0.100000 -0.100000 

-0.028000 -0.028000 -0.034000 0.236000 0.117500 0.236000 -0.034000 -0.028000 -0.028000 
-0.069000 -0.071000 -0.155000 -0.212000 0.000000 -0.212000 -0.155000 -0.071000 -0.069000 
-0.180000 -0.129500 -0.400000 -0.001000 -0.377000 -0.001000 -0.400000 -0.129500 -0.180000 
-0.147000 -0.134000 0.129000 -0.096000 0.013000 -0.096000 0.129000 -0.134000 -0.147000 
-0.124000 -0.099000 0.292000 0.116000 0.000000 0.116000 0.292000 -0.099000 -0.124000 
-0.145000 -0.171000 0.232000 0.979500 0.033000 0.979500 0.232000 -0.171000 -0.145000 
0.192000 0.062000 1.095000 0.051000 -0.326500 0.051000 1.095000 0.062000 0.192000 
-0.106000 -0.108000 -0.114000 -0.236000 -0.333000 -0.236000 -0.114000 -0.108000 -0.106000 
-0.100000 -0.100000 -0.075000 0.200000 -0.233000 0.200000 -0.075000 -0.100000 -0.100000 

-0.028000 -0.028000 0.802500 0.052000 -0.122000 -0.288000 -0.001000 -0.028000 -0.028000 
-0.069000 -0.071000 -0.391000 -0.721000 -0.422000 0.000000 -0.546000 -0.071000 -0.069000 
-0.135000 -0.146500 0.621500 -0.038000 -0.051000 -0.059000 1.375000 -0.431000 -0.090000 
0.272500 -0.472000 0.132000 -0.118500 0.000000 0.034000 0.129000 -0.242000 -0.635000 
0.005000 0.407000 2.045000 0.114000 0.000000 0.118000 0.435500 -0.243000 -0.344000 
-0.011500 -0.292500 0.230000 0.513500 0.055000 0.357500 0.231000 -0.351000 -0.082000 
-0.027000 0.175000 0.597500 0.016000 0.073500 0.056000 -0.480000 0.036500 -0.014000 
-0.106000 -0.108000 0.039000 -0.407000 0.105000 0.337000 -0.261000 -0.108000 -0.106000 
-0.100000 -0.100000 -0.357500 0.075000 -0.099000 0.039500 -0.205000 -0.100000 -0.100000 

-0.026000 -0.026000 -0.032000 0.351000 0.269500 -0.133000 -0.025000 -0.026000 -0.026000 
-0.070000 -0.072000 -0.360000 -0.232500 -0.260000 -0.529000 0.000000 -0.070000 -0.068000 
-0.134000 -0.006000 0.309500 0.016000 -0.009000 -0.024000 -0.491500 -0.427000 -0.688000 
-0.043000 -0.413000 0.129000 0.249000 -0.083000 -0.969000 0.136000 -0.172000 -0.174000 
0.134000 0.367000 1.517500 0.117000 0.000000 0.121000 0.007000 -0.164000 0.112000 
0.219000 -0.008000 0.231000 0.314000 0.059000 1.101500 0.232000 -0.040000 -0.056500 
-0.290000 0.361000 -0.089000 0.100000 0.118000 0.069000 -0.038000 -0.118000 -0.233000 
-0.106000 -0.108000 -0.133000 0.067000 0.041000 -0.143000 -0.628000 -0.108000 -0.106000 
-0.104000 -0.104000 -0.020000 0.243000 -0.277000 0.177500 0.093000 -0.104000 -0.104000 

-0.028000 -0.028000 0.051000 0.008000 0.000000 0.038000 0.076000 -0.028000 -0.028000 
-0.066000 -0.066000 0.000000 -0.025000 -0.066000 -0.049000 -0.032000 0.000000 -0.062000 
0.025000 0.037000 -0.100000 -0.014000 0.001000 -0.014000 -0.100000 0.037000 0.029000 
-0.003000 -0.035000 0.131000 0.094000 0.013000 0.092000 0.128000 -0.035000 -0.002000 
0.032000 -0.099000 0.107000 0.114000 0.000000 0.117000 0.114000 -0.101000 0.031000 
0.072000 -0.100000 0.229000 0.127000 0.057000 0.126000 0.231000 -0.100000 0.070000 
0.148000 -0.025000 -0.026000 0.079000 0.093000 0.079000 -0.027000 -0.024000 0.148000 
-0.100000 -0.100000 0.006000 -0.062000 -0.050000 -0.062000 0.007000 -0.100000 -0.100000 
-0.100000 -0.100000 0.119000 0.026000 -0.006000 0.026000 0.119000 -0.100000 -0.100000 

-0.028000 -0.028000 0.046000 0.004000 0.001000 0.040000 0.080000 -0.028000 -0.028000 
-0.066000 -0.066000 0.000000 -0.025000 -0.066000 -0.048000 -0.030000 -0.066000 0.000000 
0.028000 0.038000 -0.100000 -0.015000 0.001000 -0.012000 -0.100000 0.037000 0.028000 
-0.003000 -0.035000 0.129000 0.093000 0.013000 0.093000 0.129000 -0.035000 -0.003000 
0.031000 -0.099000 0.110000 0.114000 0.000000 0.119000 0.110000 -0.101000 0.031000 
0.071000 -0.100000 0.231000 0.127000 0.057000 0.127000 0.232000 -0.100000 0.070000 
0.148000 -0.025000 -0.026000 0.080000 0.093000 0.079000 -0.027000 -0.025000 0.147000 
-0.100000 -0.100000 0.006000 -0.062000 -0.050000 -0.062000 0.007000 -0.100000 -0.100000 
-0.100000 -0.100000 0.118000 0.025000 -0.006000 0.026000 0.119000 -0.100000 -0.100000 

-0.045000 -0.046000 -0.517000 -2.308000 -0.888000 0.413500 0.169000 -0.046000 -0.045000 
-0.051000 -0.053000 -1.590000 -1.076500 -0.459500 -1.354500 0.746000 -0.053000 -0.051000 
0.000000 -2.065000 -0.675000 0.692000 1.651500 0.315000 0.374000 1.151000 0.824000 
-2.315000 -0.536000 0.138000 -0.474000 -0.019000 0.453000 0.130000 0.429500 0.517000 
-0.885500 -0.492000 2.443000 -0.860000 0.000000 -0.299000 2.361000 0.659500 -0.310500 
-0.217000 -0.867500 0.218000 0.516500 0.081000 0.747000 0.231000 0.118500 0.418000 
-0.562000 0.360000 0.548500 -0.343000 1.569500 -0.181000 0.338000 0.687000 0.003000 
-0.106000 -0.108000 -0.487000 0.912000 0.777500 0.078500 0.220000 -0.108000 -0.106000 
-0.100000 -0.100000 0.024500 -0.063500 0.265000 0.386500 0.211000 -0.100000 -0.100000 

-0.049000 -0.049000 -0.331000 -0.096500 -0.282000 -0.261000 0.245000 -0.049000 -0.049000 
-0.051000 -0.053000 0.830000 -0.124000 -0.162000 0.118500 0.263000 -0.053000 -0.051000 
0.127500 0.000000 -0.777000 0.118000 -0.471000 0.036000 -0.276000 -0.397000 -0.050000 
0.250000 -0.286000 0.133000 -1.384000 -0.043000 1.251000 0.128000 -0.235000 0.699500 
0.133000 -0.026000 -0.608000 0.190000 0.000000 0.087000 -0.523000 0.216000 -0.263500 
-0.133000 0.242500 0.230000 0.269000 0.263000 0.293500 0.230000 0.333000 0.062000 
-0.068000 0.339000 0.101000 -0.052000 0.614000 -0.032000 -0.002000 -0.022500 -0.077000 
-0.106000 -0.108000 -0.463000 -0.010000 0.149000 0.188000 0.179500 -0.108000 -0.106000 
-0.104000 -0.104000 -0.157000 0.129000 0.015500 -0.039000 -0.379000 -0.104000 -0.104000 

-0.050000 -0.050000 -0.207000 -0.265000 -0.150500 0.048000 -0.248000 -0.050000 -0.050000 
-0.052000 -0.054000 0.013500 -0.273500 -0.026000 -0.187000 0.174000 -0.054000 -0.052000 
-0.207000 -0.035000 0.000000 0.107000 0.600500 0.088000 -0.425000 0.150000 -0.024000 
-0.279000 -0.229000 0.134000 0.024000 0.002000 0.151000 0.128000 -0.143000 0.212000 
-0.153500 -0.216000 0.763000 0.113000 0.000000 0.130000 0.904000 0.131000 0.127000 
-0.019000 -0.311000 0.232000 -0.056500 0.043000 0.215000 0.229000 -0.041000 0.036000 
-0.428000 0.146000 -0.574000 0.054000 0.985500 0.076000 -0.280500 0.168000 -0.219000 
-0.106000 -0.108000 -0.032000 -0.187500 0.293000 -0.044000 0.046000 -0.108000 -0.106000 
-0.104000 -0.104000 0.057000 0.203500 0.194000 -0.045000 -0.169500 -0.104000 -0.104000 

-0.051000 -0.051000 -2.125000 1.724500 -2.358000 -0.520000 -0.567500 -0.051000 -0.051000 
-0.053000 -0.055000 1.216500 0.943000 0.663000 1.315000 -0.560000 -0.055000 -0.053000 
5.534000 1.816000 -0.072000 0.000000 0.254500 -0.011500 0.605500 -0.654500 -1.662500 
1.576500 -1.807000 0.154000 0.638500 0.896000 0.313500 0.191000 0.034000 -0.851000 
-0.837500 -0.667000 -1.122500 0.343500 0.000000 -0.161000 0.784000 0.026500 0.747500 
0.729500 0.549500 0.212000 0.006000 1.655000 0.007000 0.526000 -0.287500 -0.021500 
0.479500 0.693500 -0.067000 0.160500 -0.151500 0.096500 0.307000 0.302000 0.044500 
-0.106000 -0.108000 0.698000 -0.208000 -0.639000 0.367000 0.081000 -0.108000 -0.106000 
-0.100000 -0.101000 0.639500 0.843500 -0.346500 0.092500 -0.087000 -0.101000 -0.100000 

-0.050000 -0.050000 -0.273500 -0.395000 -0.528000 -0.395000 -0.273500 -0.050000 -0.050000 
-0.052000 -0.054000 -0.255000 0.100000 0.095500 0.100000 -0.255000 -0.054000 -0.052000 
0.082500 -0.264500 0.389000 -0.207000 0.000000 -0.207000 0.389000 -0.264500 0.082500 
-0.169500 0.140000 0.129000 0.120500 -0.395000 0.120500 0.129000 0.140000 -0.169500 
-0.110000 0.181000 0.695500 0.349000 0.000000 0.349000 0.695500 0.181000 -0.110000 
0.017500 0.125000 0.232000 0.639000 -0.259000 0.639000 0.232000 0.125000 0.017500 
0.014500 0.176000 0.032000 -0.224000 -0.617500 -0.224000 0.032000 0.176000 0.014500 
-0.106000 -0.108000 0.274500 -0.250500 -0.668000 -0.250500 0.274500 -0.108000 -0.106000 
-0.104000 -0.104000 -0.161500 0.076500 -0.332000 0.076500 -0.161500 -0.104000 -0.104000 

-0.051000 -0.051000 -0.567500 -0.520000 -2.358000 1.724500 -2.125000 -0.051000 -0.051000 
-0.053000 -0.055000 -0.560000 1.315000 0.663000 0.943000 1.216500 -0.055000 -0.053000 
-1.662500 -0.654500 0.605500 -0.011500 0.254500 0.000000 -0.072000 1.816000 5.534000 
-0.851000 0.034000 0.191000 0.313500 0.896000 0.638500 0.154000 -1.807000 1.576500 
0.747500 0.026500 0.784000 -0.161000 0.000000 0.343500 -1.122500 -0.667000 -0.837500 
-0.021500 -0.287500 0.526000 0.007000 1.655000 0.006000 0.212000 0.549500 0.729500 
0.044500 0.302000 0.307000 0.096500 -0.151500 0.160500 -0.067000 0.693500 0.479500 
-0.106000 -0.108000 0.081000 0.367000 -0.639000 -0.208000 0.698000 -0.108000 -0.106000 
-0.100000 -0.101000 -0.087000 0.092500 -0.346500 0.843500 0.639500 -0.101000 -0.100000 

-0.050000 -0.050000 -0.248000 0.048000 -0.150500 -0.265000 -0.207000 -0.050000 -0.050000 
-0.052000 -0.054000 0.174000 -0.187000 -0.026000 -0.273500 0.013500 -0.054000 -0.052000 
-0.024000 0.150000 -0.425000 0.088000 0.600500 0.107000 0.000000 -0.035000 -0.207000 
0.212000 -0.143000 0.128000 0.151000 0.002000 0.024000 0.134000 -0.229000 -0.279000 
0.127000 0.131000 0.904000 0.130000 0.000000 0.113000 0.763000 -0.216000 -0.153500 
0.036000 -0.041000 0.229000 0.215000 0.043000 -0.056500 0.232000 -0.311000 -0.019000 
-0.219000 0.168000 -0.280500 0.076000 0.985500 0.054000 -0.574000 0.146000 -0.428000 
-0.106000 -0.108000 0.046000 -0.044000 0.293000 -0.187500 -0.032000 -0.108000 -0.106000 
-0.104000 -0.104000 -0.169500 -0.045000 0.194000 0.203500 0.057000 -0.104000 -0.104000 

-0.049000 -0.049000 0.245000 -0.261000 -0.282000 -0.096500 -0.331000 -0.049000 -0.049000 
-0.051000 -0.053000 0.263000 0.118500 -0.162000 -0.124000 0.830000 -0.053000 -0.051000 
-0.050000 -0.397000 -0.276000 0.036000 -0.471000 0.118000 -0.777000 0.000000 0.127500 
0.699500 -0.235000 0.128000 1.251000 -0.043000 -1.384000 0.133000 -0.286000 0.250000 
-0.263500 0.216000 -0.523000 0.087000 0.000000 0.190000 -0.608000 -0.026000 0.133000 
0.062000 0.333000 0.230000 0.293500 0.263000 0.269000 0.230000 0.242500 -0.133000 
-0.077000 -0.022500 -0.002000 -0.032000 0.614000 -0.052000 0.101000 0.339000 -0.068000 
-0.106000 -0.108000 0.179500 0.188000 0.149000 -0.010000 -0.463000 -0.108000 -0.106000 
-0.104000 -0.104000 -0.379000 -0.039000 0.015500 0.129000 -0.157000 -0.104000 -0.104000 

-0.045000 -0.046000 0.169000 0.413500 -0.888000 -2.308000 -0.517000 -0.046000 -0.045000 
-0.051000 -0.053000 0.746000 -1.354500 -0.459500 -1.076500 -1.590000 -0.053000 -0.051000 
0.824000 1.151000 0.374000 0.315000 1.651500 0.692000 -0.675000 -2.065000 0.000000 
0.517000 0.429500 0.130000 0.453000 -0.019000 -0.474000 0.138000 -0.536000 -2.315000 
-0.310500 0.659500 2.361000 -0.299000 0.000000 -0.860000 2.443000 -0.492000 -0.885500 
0.418000 0.118500 0.231000 0.747000 0.081000 0.516500 0.218000 -0.867500 -0.217000 
0.003000 0.687000 0.338000 -0.181000 1.569500 -0.343000 0.548500 0.360000 -0.562000 
-0.106000 -0.108000 0.220000 0.078500 0.777500 0.912000 -0.487000 -0.108000 -0.106000 
-0.100000 -0.100000 0.211000 0.386500 0.265000 -0.063500 0.024500 -0.100000 -0.100000 

-0.081000 -0.081000 -0.738000 -0.407500 -0.121000 0.259000 0.125000 -0.081000 -0.081000 
-0.087000 -0.089000 -0.222000 -0.491000 -0.309000 0.144000 0.602500 -0.089000 -0.087000 
-0.493000 -0.280000 -0.426500 0.164000 0.439000 0.235000 0.583000 0.614500 -0.292000 
0.000000 -0.310000 0.193000 -1.460000 0.378000 0.459000 0.147000 0.516000 0.165000 
-0.323000 -0.394000 -0.012500 0.106000 0.000000 0.161000 1.857000 0.198000 0.227500 
-1.286500 0.288000 0.222000 0.984000 0.209000 0.571000 0.229000 0.289000 0.247000 
0.057000 0.733500 -0.298000 -0.394000 -0.557500 0.001000 0.407000 0.280000 -0.485500 
-0.105000 -0.107000 -0.928000 -0.827000 -0.063500 0.333500 0.048000 -0.107000 -0.105000 
-0.099000 -0.099000 -0.172000 0.672500 0.092500 0.196000 -0.203000 -0.099000 -0.099000 

-0.086000 -0.086000 -0.006000 -0.468000 -0.442000 -0.352000 -0.449000 -0.086000 -0.086000 
-0.088000 -0.090000 -0.285000 -0.249000 -0.410000 -0.272000 0.298000 -0.090000 -0.088000 
0.074000 -0.479000 0.541000 -0.019000 0.281000 0.155000 -0.398000 -0.209000 0.017000 
-0.337000 0.000000 0.192000 0.248500 0.064000 0.519500 0.143000 0.417000 0.401000 
0.053500 -0.273000 -0.126000 0.183000 0.000000 0.142000 -0.158000 0.186000 -0.223500 
0.146000 -0.965000 0.220000 0.000000 0.018000 0.600500 0.230000 -0.586000 0.149000 
0.790500 0.002500 0.738000 0.044000 1.150000 0.055000 0.755500 0.077000 -0.393500 
-0.105000 -0.107000 0.117000 -0.224500 0.117000 0.059000 0.226000 -0.107000 -0.105000 
-0.099000 -0.099000 -0.153000 0.137000 0.104000 0.020000 0.038000 -0.099000 -0.099000 

-0.085000 -0.085000 5.030000 1.239000 -1.551500 0.461500 0.290000 -0.085000 -0.085000 
-0.087000 -0.089000 1.044000 -2.908500 -1.519000 0.001500 -0.009000 -0.089000 -0.087000 
-3.163500 1.392000 0.485500 0.826000 -1.565000 1.367000 -0.404000 0.815500 0.451500 
1.137000 0.583000 0.000000 0.383500 0.364500 -0.057000 0.682000 -0.303000 0.479500 
-2.810500 0.350500 1.185000 0.624000 0.000000 -0.138500 0.985500 -0.312500 -0.878500 
-0.859000 0.639000 1.051000 0.147000 0.062500 0.082000 0.310000 0.046500 -0.354500 
-1.204000 -0.832000 0.461000 0.030500 0.551500 0.258500 0.144500 -0.147500 -0.890500 
-0.105000 -0.107000 -1.130500 0.028000 0.286000 -0.672500 -0.150500 -0.107000 -0.105000 
-0.103000 -0.103000 -1.639000 -1.288000 0.496500 -0.275500 -0.433000 -0.103000 -0.103000 

-0.088000 -0.088000 0.128500 -0.351500 0.257000 -0.170000 0.623000 -0.088000 -0.088000 
-0.090000 -0.092000 -0.716000 0.028000 -0.422500 -0.046500 -0.059500 -0.092000 -0.090000 
0.281000 -0.880500 -0.646000 -0.241000 0.354500 -0.129000 0.331500 -0.376000 -0.395500 
-0.448500 -0.124000 0.130000 0.000000 0.180000 0.377500 0.137000 -0.305000 0.063500 
0.118500 -0.622000 0.006000 0.019000 0.000000 0.291000 1.140000 0.286500 -0.127500 
-0.312000 -0.046000 0.223000 0.245500 0.046000 0.522000 0.226000 -0.026500 0.178000 
0.910500 -0.006500 0.449500 0.157000 0.669500 0.203000 -0.227000 0.222000 -0.608000 
-0.105000 -0.107000 -0.241000 -0.389500 0.385000 0.064500 0.281500 -0.107000 -0.105000 
-0.103000 -0.103000 -0.323500 -0.001500 0.287000 0.298500 -0.343500 -0.103000 -0.103000 

-0.086000 -0.086000 -0.089000 1.408000 2.555500 1.408000 -0.089000 -0.086000 -0.086000 
-0.090000 -0.092000 -1.554000 -1.052000 1.386000 -1.052000 -1.554000 -0.092000 -0.090000 
0.357000 1.492500 0.823000 -1.402000 1.026500 -1.402000 0.823000 1.492500 0.357000 
-1.198500 0.732000 0.707000 -1.895000 0.000000 -1.895000 0.707000 0.732000 -1.198500 
0.554500 0.592500 4.092500 -0.379500 0.000000 -0.379500 4.092500 0.592500 0.554500 
0.235500 -0.957500 0.306000 0.268500 0.296000 0.268500 0.306000 -0.957500 0.235500 
0.429500 0.816000 -0.000000 0.221000 -0.102000 0.221000 -0.000000 0.816000 0.429500 
-0.106000 -0.108000 0.169500 -0.168000 -0.266000 -0.168000 0.169500 -0.108000 -0.106000 
-0.104000 -0.104000 0.660000 0.719500 -0.476000 0.719500 0.660000 -0.104000 -0.104000 

-0.088000 -0.088000 0.623000 -0.170000 0.257000 -0.351500 0.128500 -0.088000 -0.088000 
-0.090000 -0.092000 -0.059500 -0.046500 -0.422500 0.028000 -0.716000 -0.092000 -0.090000 
-0.395500 -0.376000 0.331500 -0.129000 0.354500 -0.241000 -0.646000 -0.880500 0.281000 
0.063500 -0.305000 0.137000 0.377500 0.180000 0.000000 0.130000 -0.124000 -0.448500 
-0.127500 0.286500 1.140000 0.291000 0.000000 0.019000 0.006000 -0.622000 0.118500 
0.178000 -0.026500 0.226000 0.522000 0.046000 0.245500 0.223000 -0.046000 -0.312000 
-0.608000 0.222000 -0.227000 0.203000 0.669500 0.157000 0.449500 -0.006500 0.910500 
-0.105000 -0.107000 0.281500 0.064500 0.385000 -0.389500 -0.241000 -0.107000 -0.105000 
-0.103000 -0.103000 -0.343500 0.298500 0.287000 -0.001500 -0.323500 -0.103000 -0.103000 

-0.085000 -0.085000 0.290000 0.461500 -1.551500 1.239000 5.030000 -0.085000 -0.085000 
-0.087000 -0.089000 -0.009000 0.001500 -1.519000 -2.908500 1.044000 -0.089000 -0.087000 
0.451500 0.815500 -0.404000 1.367000 -1.565000 0.826000 0.485500 1.392000 -3.163500 
0.479500 -0.303000 0.682000 -0.057000 0.364500 0.383500 0.000000 0.583000 1.137000 
-0.878500 -0.312500 0.985500 -0.138500 0.000000 0.624000 1.185000 0.350500 -2.810500 
-0.354500 0.046500 0.310000 0.082000 0.062500 0.147000 1.051000 0.639000 -0.859000 
-0.890500 -0.147500 0.144500 0.258500 0.551500 0.030500 0.461000 -0.832000 -1.204000 
-0.105000 -0.107000 -0.150500 -0.672500 0.286000 0.028000 -1.130500 -0.107000 -0.105000 
-0.103000 -0.103000 -0.433000 -0.275500 0.496500 -1.288000 -1.639000 -0.103000 -0.103000 

-0.086000 -0.086000 -0.449000 -0.352000 -0.442000 -0.468000 -0.006000 -0.086000 -0.086000 
-0.088000 -0.090000 0.298000 -0.272000 -0.410000 -0.249000 -0.285000 -0.090000 -0.088000 
0.017000 -0.209000 -0.398000 0.155000 0.281000 -0.019000 0.541000 -0.479000 0.074000 
0.401000 0.417000 0.143000 0.519500 0.064000 0.248500 0.192000 0.000000 -0.337000 
-0.223500 0.186000 -0.158000 0.142000 0.000000 0.183000 -0.126000 -0.273000 0.053500 
0.149000 -0.586000 0.230000 0.600500 0.018000 0.000000 0.220000 -0.965000 0.146000 
-0.393500 0.077000 0.755500 0.055000 1.150000 0.044000 0.738000 0.002500 0.790500 
-0.105000 -0.107000 0.226000 0.059000 0.117000 -0.224500 0.117000 -0.107000 -0.105000 
-0.099000 -0.099000 0.038000 0.020000 0.104000 0.137000 -0.153000 -0.099000 -0.099000 

-0.081000 -0.081000 0.125000 0.259000 -0.121000 -0.407500 -0.738000 -0.081000 -0.081000 
-0.087000 -0.089000 0.602500 0.144000 -0.309000 -0.491000 -0.222000 -0.089000 -0.087000 
-0.292000 0.614500 0.583000 0.235000 0.439000 0.164000 -0.426500 -0.280000 -0.493000 
0.165000 0.516000 0.147000 0.459000 0.378000 -1.460000 0.193000 -0.310000 0.000000 
0.227500 0.198000 1.857000 0.161000 0.000000 0.106000 -0.012500 -0.394000 -0.323000 
0.247000 0.289000 0.229000 0.571000 0.209000 0.984000 0.222000 0.288000 -1.286500 
-0.485500 0.280000 0.407000 0.001000 -0.557500 -0.394000 -0.298000 0.733500 0.057000 
-0.105000 -0.107000 0.048000 0.333500 -0.063500 -0.827000 -0.928000 -0.107000 -0.105000 
-0.099000 -0.099000 -0.203000 0.196000 0.092500 0.672500 -0.172000 -0.099000 -0.099000 

-0.101000 -0.101000 0.623000 -0.608000 -0.241000 0.663000 0.184500 -0.101000 -0.101000 
-0.103000 -0.105000 -0.689000 0.436000 -0.007000 0.202500 0.351500 -0.105000 -0.103000 
-1.692000 -0.440000 -1.055000 0.156000 0.525000 -0.084500 -0.126000 0.870000 0.313000 
-1.015000 -0.617000 0.205000 0.152000 0.052000 0.907000 0.225000 0.486000 0.149500 
0.000000 -0.231000 -0.902000 0.071000 0.000000 0.195500 2.702000 -0.006000 0.239500 
-1.015000 -0.617000 0.205000 0.152000 0.052000 0.907000 0.225000 0.486000 0.149500 
-1.692000 -0.440000 -1.055000 0.156000 0.525000 -0.084500 -0.126000 0.870000 0.313000 
-0.103000 -0.105000 -0.689000 0.436000 -0.007000 0.202500 0.351500 -0.105000 -0.103000 
-0.101000 -0.101000 0.623000 -0.608000 -0.241000 0.663000 0.184500 -0.101000 -0.101000 

-0.097000 -0.097000 -0.486000 -0.131000 -0.174000 -0.022000 -0.050000 -0.097000 -0.097000 
-0.097000 -0.097000 -0.041000 -0.091000 -0.120000 0.337000 0.073000 -0.097000 -0.097000 
1.033000 -0.407000 -0.587000 0.060000 0.078000 0.072000 0.444000 -0.063000 0.307000 
0.040000 -0.375000 0.207000 0.022500 0.058000 0.472000 0.220000 -0.069000 0.348000 
-0.179000 0.000000 0.110000 0.057000 0.000000 0.090000 -0.002000 -0.322000 -0.038000 
0.040000 -0.375000 0.207000 0.022500 0.058000 0.472000 0.220000 -0.069000 0.348000 
1.033000 -0.407000 -0.587000 0.060000 0.078000 0.072000 0.444000 -0.063000 0.307000 
-0.097000 -0.097000 -0.041000 -0.091000 -0.120000 0.337000 0.073000 -0.097000 -0.097000 
-0.097000 -0.097000 -0.486000 -0.131000 -0.174000 -0.022000 -0.050000 -0.097000 -0.097000 

-0.101000 -0.101000 -0.177500 -0.480000 -0.416000 -0.178000 -0.041500 -0.101000 -0.101000 
-0.103000 -0.105000 0.270500 0.352500 -0.063000 0.211000 0.032500 -0.105000 -0.103000 
-0.057000 -0.088000 0.474000 -0.118500 -0.737000 -0.639500 0.000500 0.019000 -0.345000 
-0.458500 0.411000 0.210000 0.060500 0.191000 0.548500 0.217000 -0.197000 -0.039500 
0.419500 0.378500 0.000000 -0.093000 0.000000 -0.485000 -0.721500 -0.216000 -0.940500 
-0.458500 0.411000 0.210000 0.060500 0.191000 0.548500 0.217000 -0.197000 -0.039500 
-0.057000 -0.088000 0.474000 -0.118500 -0.737000 -0.639500 0.000500 0.019000 -0.345000 
-0.103000 -0.105000 0.270500 0.352500 -0.063000 0.211000 0.032500 -0.105000 -0.103000 
-0.101000 -0.101000 -0.177500 -0.480000 -0.416000 -0.178000 -0.041500 -0.101000 -0.101000 

-0.100000 -0.100000 -0.114000 -0.895500 0.428000 -0.007000 0.068000 -0.100000 -0.100000 
-0.102000 -0.104000 0.531000 1.344000 0.635000 -0.475500 -0.218500 -0.104000 -0.102000 
-0.541500 -0.558500 -0.365000 -0.881000 2.509000 0.174500 -0.421000 0.338000 0.044500 
1.226500 -1.221500 0.152000 -1.813500 -0.351000 -0.063500 0.407000 -0.337000 -0.210500 
1.405000 0.665500 -0.399000 0.000000 0.000000 0.322000 -0.114500 0.506500 -1.129500 
1.226500 -1.221500 0.152000 -1.813500 -0.351000 -0.063500 0.407000 -0.337000 -0.210500 
-0.541500 -0.558500 -0.365000 -0.881000 2.509000 0.174500 -0.421000 0.338000 0.044500 
-0.102000 -0.104000 0.531000 1.344000 0.635000 -0.475500 -0.218500 -0.104000 -0.102000 
-0.100000 -0.100000 -0.114000 -0.895500 0.428000 -0.007000 0.068000 -0.100000 -0.100000 

-0.204000 -0.204000 -0.040500 0.048000 1.511000 0.048000 -0.040500 -0.204000 -0.204000 
-0.206000 -0.208000 -0.129500 0.462500 0.555000 0.462500 -0.129500 -0.208000 -0.206000 
-0.040500 -0.277500 -1.562000 1.447000 -0.695500 1.447000 -1.562000 -0.277500 -0.040500 
-0.165000 1.336000 1.023000 -0.037500 -1.394500 -0.037500 1.023000 1.336000 -0.165000 
0.974000 0.872500 -0.335500 -0.857500 0.000000 -0.857500 -0.335500 0.872500 0.974000 
-0.165000 1.336000 1.023000 -0.037500 -1.394500 -0.037500 1.023000 1.336000 -0.165000 
-0.040500 -0.277500 -1.562000 1.447000 -0.695500 1.447000 -1.562000 -0.277500 -0.040500 
-0.206000 -0.208000 -0.129500 0.462500 0.555000 0.462500 -0.129500 -0.208000 -0.206000 
-0.204000 -0.204000 -0.040500 0.048000 1.511000 0.048000 -0.040500 -0.204000 -0.204000 

-0.100000 -0.100000 0.068000 -0.007000 0.428000 -0.895500 -0.114000 -0.100000 -0.100000 
-0.102000 -0.104000 -0.218500 -0.475500 0.635000 1.344000 0.531000 -0.104000 -0.102000 
0.044500 0.338000 -0.421000 0.174500 2.509000 -0.881000 -0.365000 -0.558500 -0.541500 
-0.210500 -0.337000 0.407000 -0.063500 -0.351000 -1.813500 0.152000 -1.221500 1.226500 
-1.129500 0.506500 -0.114500 0.322000 0.000000 0.000000 -0.399000 0.665500 1.405000 
-0.210500 -0.337000 0.407000 -0.063500 -0.351000 -1.813500 0.152000 -1.221500 1.226500 
0.044500 0.338000 -0.421000 0.174500 2.509000 -0.881000 -0.365000 -0.558500 -0.541500 
-0.102000 -0.104000 -0.218500 -0.475500 0.635000 1.344000 0.531000 -0.104000 -0.102000 
-0.100000 -0.100000 0.068000 -0.007000 0.428000 -0.895500 -0.114000 -0.100000 -0.100000 

-0.101000 -0.101000 -0.041500 -0.178000 -0.416000 -0.480000 -0.177500 -0.101000 -0.101000 
-0.103000 -0.105000 0.032500 0.211000 -0.063000 0.352500 0.270500 -0.105000 -0.103000 
-0.345000 0.019000 0.000500 -0.639500 -0.737000 -0.118500 0.474000 -0.088000 -0.057000 
-0.039500 -0.197000 0.217000 0.548500 0.191000 0.060500 0.210000 0.411000 -0.458500 
-0.940500 -0.216000 -0.721500 -0.485000 0.000000 -0.093000 0.000000 0.378500 0.419500 
-0.039500 -0.197000 0.217000 0.548500 0.191000 0.060500 0.210000 0.411000 -0.458500 
-0.345000 0.019000 0.000500 -0.639500 -0.737000 -0.118500 0.474000 -0.088000 -0.057000 
-0.103000 -0.105000 0.032500 0.211000 -0.063000 0.352500 0.270500 -0.105000 -0.103000 
-0.101000 -0.101000 -0.041500 -0.178000 -0.416000 -0.480000 -0.177500 -0.101000 -0.101000 

-0.097000 -0.097000 -0.050000 -0.022000 -0.174000 -0.131000 -0.486000 -0.097000 -0.097000 
-0.097000 -0.097000 0.073000 0.337000 -0.120000 -0.091000 -0.041000 -0.097000 -0.097000 
0.307000 -0.063000 0.444000 0.072000 0.078000 0.060000 -0.587000 -0.407000 1.033000 
0.348000 -0.069000 0.220000 0.472000 0.058000 0.022500 0.207000 -0.375000 0.040000 
-0.038000 -0.322000 -0.002000 0.090000 0.000000 0.057000 0.110000 0.000000 -0.179000 
0.348000 -0.069000 0.220000 0.472000 0.058000 0.022500 0.207000 -0.375000 0.040000 
0.307000 -0.063000 0.444000 0.072000 0.078000 0.060000 -0.587000 -0.407000 1.033000 
-0.097000 -0.097000 0.073000 0.337000 -0.120000 -0.091000 -0.041000 -0.097000 -0.097000 
-0.097000 -0.097000 -0.050000 -0.022000 -0.174000 -0.131000 -0.486000 -0.097000 -0.097000 

-0.101000 -0.101000 0.184500 0.663000 -0.241000 -0.608000 0.623000 -0.101000 -0.101000 
-0.103000 -0.105000 0.351500 0.202500 -0.007000 0.436000 -0.689000 -0.105000 -0.103000 
0.313000 0.870000 -0.126000 -0.084500 0.525000 0.156000 -1.055000 -0.440000 -1.692000 
0.149500 0.486000 0.225000 0.907000 0.052000 0.152000 0.205000 -0.617000 -1.015000 
0.239500 -0.006000 2.702000 0.195500 0.000000 0.071000 -0.902000 -0.231000 0.000000 
0.149500 0.486000 0.225000 0.907000 0.052000 0.152000 0.205000 -0.617000 -1.015000 
0.313000 0.870000 -0.126000 -0.084500 0.525000 0.156000 -1.055000 -0.440000 -1.692000 
-0.103000 -0.105000 0.351500 0.202500 -0.007000 0.436000 -0.689000 -0.105000 -0.103000 
-0.101000 -0.101000 0.184500 0.663000 -0.241000 -0.608000 0.623000 -0.101000 -0.101000 

-0.099000 -0.099000 -0.172000 0.672500 0.092500 0.196000 -0.203000 -0.099000 -0.099000 
-0.105000 -0.107000 -0.928000 -0.827000 -0.063500 0.333500 0.048000 -0.107000 -0.105000 
0.057000 0.733500 -0.298000 -0.394000 -0.557500 0.001000 0.407000 0.280000 -0.485500 
-1.286500 0.288000 0.222000 0.984000 0.209000 0.571000 0.229000 0.289000 0.247000 
-0.323000 -0.394000 -0.012500 0.106000 0.000000 0.161000 1.857000 0.198000 0.227500 
0.000000 -0.310000 0.193000 -1.460000 0.378000 0.459000 0.147000 0.516000 0.165000 
-0.493000 -0.280000 -0.426500 0.164000 0.439000 0.235000 0.583000 0.614500 -0.292000 
-0.087000 -0.089000 -0.222000 -0.491000 -0.309000 0.144000 0.602500 -0.089000 -0.087000 
-0.081000 -0.081000 -0.738000 -0.407500 -0.121000 0.259000 0.125000 -0.081000 -0.081000 

-0.099000 -0.099000 -0.153000 0.137000 0.104000 0.020000 0.038000 -0.099000 -0.099000 
-0.105000 -0.107000 0.117000 -0.224500 0.117000 0.059000 0.226000 -0.107000 -0.105000 
0.790500 0.002500 0.738000 0.044000 1.150000 0.055000 0.755500 0.077000 -0.393500 
0.146000 -0.965000 0.220000 0.000000 0.018000 0.600500 0.230000 -0.586000 0.149000 
0.053500 -0.273000 -0.126000 0.183000 0.000000 0.142000 -0.158000 0.186000 -0.223500 
-0.337000 0.000000 0.192000 0.248500 0.064000 0.519500 0.143000 0.417000 0.401000 
0.074000 -0.479000 0.541000 -0.019000 0.281000 0.155000 -0.398000 -0.209000 0.017000 
-0.088000 -0.090000 -0.285000 -0.249000 -0.410000 -0.272000 0.298000 -0.090000 -0.088000 
-0.086000 -0.086000 -0.006000 -0.468000 -0.442000 -0.352000 -0.449000 -0.086000 -0.086000 

-0.103000 -0.103000 -1.639000 -1.288000 0.496500 -0.275500 -0.433000 -0.103000 -0.103000 
-0.105000 -0.107000 -1.130500 0.028000 0.286000 -0.672500 -0.150500 -0.107000 -0.105000 
-1.204000 -0.832000 0.461000 0.030500 0.551500 0.258500 0.144500 -0.147500 -0.890500 
-0.859000 0.639000 1.051000 0.147000 0.062500 0.082000 0.310000 0.046500 -0.354500 
-2.810500 0.350500 1.185000 0.624000 0.000000 -0.138500 0.985500 -0.312500 -0.878500 
1.137000 0.583000 0.000000 0.383500 0.364500 -0.057000 0.682000 -0.303000 0.479500 
-3.163500 1.392000 0.485500 0.826000 -1.565000 1.367000 -0.404000 0.815500 0.451500 
-0.087000 -0.089000 1.044000 -2.908500 -1.519000 0.001500 -0.009000 -0.089000 -0.087000 
-0.085000 -0.085000 5.030000 1.239000 -1.551500 0.461500 0.290000 -0.085000 -0.085000 

-0.103000 -0.103000 -0.323500 -0.001500 0.287000 0.298500 -0.343500 -0.103000 -0.103000 
-0.105000 -0.107000 -0.241000 -0.389500 0.385000 0.064500 0.281500 -0.107000 -0.105000 
0.910500 -0.006500 0.449500 0.157000 0.669500 0.203000 -0.227000 0.222000 -0.608000 
-0.312000 -0.046000 0.223000 0.245500 0.046000 0.522000 0.226000 -0.026500 0.178000 
0.118500 -0.622000 0.006000 0.019000 0.000000 0.291000 1.140000 0.286500 -0.127500 
-0.448500 -0.124000 0.130000 0.000000 0.180000 0.377500 0.137000 -0.305000 0.063500 
0.281000 -0.880500 -0.646000 -0.241000 0.354500 -0.129000 0.331500 -0.376000 -0.395500 
-0.090000 -0.092000 -0.716000 0.028000 -0.422500 -0.046500 -0.059500 -0.092000 -0.090000 
-0.088000 -0.088000 0.128500 -0.351500 0.257000 -0.170000 0.623000 -0.088000 -0.088000 

-0.104000 -0.104000 0.660000 0.719500 -0.476000 0.719500 0.660000 -0.104000 -0.104000 
-0.106000 -0.108000 0.169500 -0.168000 -0.266000 -0.168000 0.169500 -0.108000 -0.106000 
0.429500 0.816000 -0.000000 0.221000 -0.102000 0.221000 -0.000000 0.816000 0.429500 
0.235500 -0.957500 0.306000 0.268500 0.296000 0.268500 0.306000 -0.957500 0.235500 
0.554500 0.592500 4.092500 -0.379500 0.000000 -0.379500 4.092500 0.592500 0.554500 
-1.198500 0.732000 0.707000 -1.895000 0.000000 -1.895000 0.707000 0.732000 -1.198500 
0.357000 1.492500 0.823000 -1.402000 1.026500 -1.402000 0.823000 1.492500 0.357000 
-0.090000 -0.092000 -1.554000 -1.052000 1.386000 -1.052000 -1.554000 -0.092000 -0.090000 
-0.086000 -0.086000 -0.089000 1.408000 2.555500 1.408000 -0.089000 -0.086000 -0.086000 

-0.103000 -0.103000 -0.343500 0.298500 0.287000 -0.001500 -0.323500 -0.103000 -0.103000 
-0.105000 -0.107000 0.281500 0.064500 0.385000 -0.389500 -0.241000 -0.107000 -0.105000 
-0.608000 0.222000 -0.227000 0.203000 0.669500 0.157000 0.449500 -0.006500 0.910500 
0.178000 -0.026500 0.226000 0.522000 0.046000 0.245500 0.223000 -0.046000 -0.312000 
-0.127500 0.286500 1.140000 0.291000 0.000000 0.019000 0.006000 -0.622000 0.118500 
0.063500 -0.305000 0.137000 0.377500 0.180000 0.000000 0.130000 -0.124000 -0.448500 
-0.395500 -0.376000 0.331500 -0.129000 0.354500 -0.241000 -0.646000 -0.880500 0.281000 
-0.090000 -0.092000 -0.059500 -0.046500 -0.422500 0.028000 -0.716000 -0.092000 -0.090000 
-0.088000 -0.088000 0.623000 -0.170000 0.257000 -0.351500 0.128500 -0.088000 -0.088000 

-0.103000 -0.103000 -0.433000 -0.275500 0.496500 -1.288000 -1.639000 -0.103000 -0.103000 
-0.105000 -0.107000 -0.150500 -0.672500 0.286000 0.028000 -1.130500 -0.107000 -0.105000 
-0.890500 -0.147500 0.144500 0.258500 0.551500 0.030500 0.461000 -0.832000 -1.204000 
-0.354500 0.046500 0.310000 0.082000 0.062500 0.147000 1.051000 0.639000 -0.859000 
-0.878500 -0.312500 0.985500 -0.138500 0.000000 0.624000 1.185000 0.350500 -2.810500 
0.479500 -0.303000 0.682000 -0.057000 0.364500 0.383500 0.000000 0.583000 1.137000 
0.451500 0.815500 -0.404000 1.367000 -1.565000 0.826000 0.485500 1.392000 -3.163500 
-0.087000 -0.089000 -0.009000 0.001500 -1.519000 -2.908500 1.044000 -0.089000 -0.087000 
-0.085000 -0.085000 0.290000 0.461500 -1.551500 1.239000 5.030000 -0.085000 -0.085000 

-0.099000 -0.099000 0.038000 0.020000 0.104000 0.137000 -0.153000 -0.099000 -0.099000 
-0.105000 -0.107000 0.226000 0.059000 0.117000 -0.224500 0.117000 -0.107000 -0.105000 
-0.393500 0.077000 0.755500 0.055000 1.150000 0.044000 0.738000 0.002500 0.790500 
0.149000 -0.586000 0.230000 0.600500 0.018000 0.000000 0.220000 -0.965000 0.146000 
-0.223500 0.186000 -0.158000 0.142000 0.000000 0.183000 -0.126000 -0.273000 0.053500 
0.401000 0.417000 0.143000 0.519500 0.064000 0.248500 0.192000 0.000000 -0.337000 
0.017000 -0.209000 -0.398000 0.155000 0.281000 -0.019000 0.541000 -0.479000 0.074000 
-0.088000 -0.090000 0.298000 -0.272000 -0.410000 -0.249000 -0.285000 -0.090000 -0.088000 
-0.086000 -0.086000 -0.449000 -0.352000 -0.442000 -0.468000 -0.006000 -0.086000 -0.086000 

-0.099000 -0.099000 -0.203000 0.196000 0.092500 0.672500 -0.172000 -0.099000 -0.099000 
-0.105000 -0.107000 0.048000 0.333500 -0.063500 -0.827000 -0.928000 -0.107000 -0.105000 
-0.485500 0.280000 0.407000 0.001000 -0.557500 -0.394000 -0.298000 0.733500 0.057000 
0.247000 0.289000 0.229000 0.571000 0.209000 0.984000 0.222000 0.288000 -1.286500 
0.227500 0.198000 1.857000 0.161000 0.000000 0.106000 -0.012500 -0.394000 -0.323000 
0.165000 0.516000 0.147000 0.459000 0.378000 -1.460000 0.193000 -0.310000 0.000000 
-0.292000 0.614500 0.583000 0.235000 0.439000 0.164000 -0.426500 -0.280000 -0.493000 
-0.087000 -0.089000 0.602500 0.144000 -0.309000 -0.491000 -0.222000 -0.089000 -0.087000 
-0.081000 -0.081000 0.125000 0.259000 -0.121000 -0.407500 -0.738000 -0.081000 -0.081000 

-0.100000 -0.100000 0.024500 -0.063500 0.265000 0.386500 0.211000 -0.100000 -0.100000 
-0.106000 -0.108000 -0.487000 0.912000 0.777500 0.078500 0.220000 -0.108000 -0.106000 
-0.562000 0.360000 0.548500 -0.343000 1.569500 -0.181000 0.338000 0.687000 0.003000 
-0.217000 -0.867500 0.218000 0.516500 0.081000 0.747000 0.231000 0.118500 0.418000 
-0.885500 -0.492000 2.443000 -0.860000 0.000000 -0.299000 2.361000 0.659500 -0.310500 
-2.315000 -0.536000 0.138000 -0.474000 -0.019000 0.453000 0.130000 0.429500 0.517000 
0.000000 -2.065000 -0.675000 0.692000 1.651500 0.315000 0.374000 1.151000 0.824000 
-0.051000 -0.053000 -1.590000 -1.076500 -0.459500 -1.354500 0.746000 -0.053000 -0.051000 
-0.045000 -0.046000 -0.517000 -2.308000 -0.888000 0.413500 0.169000 -0.046000 -0.045000 

-0.104000 -0.104000 -0.157000 0.129000 0.015500 -0.039000 -0.379000 -0.104000 -0.104000 
-0.106000 -0.108000 -0.463000 -0.010000 0.149000 0.188000 0.179500 -0.108000 -0.106000 
-0.068000 0.339000 0.101000 -0.052000 0.614000 -0.032000 -0.002000 -0.022500 -0.077000 
-0.133000 0.242500 0.230000 0.269000 0.263000 0.293500 0.230000 0.333000 0.062000 
0.133000 -0.026000 -0.608000 0.190000 0.000000 0.087000 -0.523000 0.216000 -0.263500 
0.250000 -0.286000 0.133000 -1.384000 -0.043000 1.251000 0.128000 -0.235000 0.699500 
0.127500 0.000000 -0.777000 0.118000 -0.471000 0.036000 -0.276000 -0.397000 -0.050000 
-0.051000 -0.053000 0.830000 -0.124000 -0.162000 0.118500 0.263000 -0.053000 -0.051000 
-0.049000 -0.049000 -0.331000 -0.096500 -0.282000 -0.261000 0.245000 -0.049000 -0.049000 

-0.104000 -0.104000 0.057000 0.203500 0.194000 -0.045000 -0.169500 -0.104000 -0.104000 
-0.106000 -0.108000 -0.032000 -0.187500 0.293000 -0.044000 0.046000 -0.108000 -0.106000 
-0.428000 0.146000 -0.574000 0.054000 0.985500 0.076000 -0.280500 0.168000 -0.219000 
-0.019000 -0.311000 0.232000 -0.056500 0.043000 0.215000 0.229000 -0.041000 0.036000 
-0.153500 -0.216000 0.763000 0.113000 0.000000 0.130000 0.904000 0.131000 0.127000 
-0.279000 -0.229000 0.134000 0.024000 0.002000 0.151000 0.128000 -0.143000 0.212000 
-0.207000 -0.035000 0.000000 0.107000 0.600500 0.088000 -0.425000 0.150000 -0.024000 
-0.052000 -0.054000 0.013500 -0.273500 -0.026000 -0.187000 0.174000 -0.054000 -0.052000 
-0.050000 -0.050000 -0.207000 -0.265000 -0.150500 0.048000 -0.248000 -0.050000 -0.050000 

-0.100000 -0.101000 0.639500 0.843500 -0.346500 0.092500 -0.087000 -0.101000 -0.100000 
-0.106000 -0.108000 0.698000 -0.208000 -0.639000 0.367000 0.081000 -0.108000 -0.106000 
0.479500 0.693500 -0.067000 0.160500 -0.151500 0.096500 0.307000 0.302000 0.044500 
0.729500 0.549500 0.212000 0.006000 1.655000 0.007000 0.526000 -0.287500 -0.021500 
-0.837500 -0.667000 -1.122500 0.343500 0.000000 -0.161000 0.784000 0.026500 0.747500 
1.576500 -1.807000 0.154000 0.638500 0.896000 0.313500 0.191000 0.034000 -0.851000 
5.534000 1.816000 -0.072000 0.000000 0.254500 -0.011500 0.605500 -0.654500 -1.662500 
-0.053000 -0.055000 1.216500 0.943000 0.663000 1.315000 -0.560000 -0.055000 -0.053000 
-0.051000 -0.051000 -2.125000 1.724500 -2.358000 -0.520000 -0.567500 -0.051000 -0.051000 

-0.104000 -0.104000 -0.161500 0.076500 -0.332000 0.076500 -0.161500 -0.104000 -0.104000 
-0.106000 -0.108000 0.274500 -0.250500 -0.668000 -0.250500 0.274500 -0.108000 -0.106000 
0.014500 0.176000 0.032000 -0.224000 -0.617500 -0.224000 0.032000 0.176000 0.014500 
0.017500 0.125000 0.232000 0.639000 -0.259000 0.639000 0.232000 0.125000 0.017500 
-0.110000 0.181000 0.695500 0.349000 0.000000 0.349000 0.695500 0.181000 -0.110000 
-0.169500 0.140000 0.129000 0.120500 -0.395000 0.120500 0.129000 0.140000 -0.169500 
0.082500 -0.264500 0.389000 -0.207000 0.000000 -0.207000 0.389000 -0.264500 0.082500 
-0.052000 -0.054000 -0.255000 0.100000 0.095500 0.100000 -0.255000 -0.054000 -0.052000 
-0.050000 -0.050000 -0.273500 -0.395000 -0.528000 -0.395000 -0.273500 -0.050000 -0.050000 

-0.100000 -0.101000 -0.087000 0.092500 -0.346500 0.843500 0.639500 -0.101000 -0.100000 
-0.106000 -0.108000 0.081000 0.367000 -0.639000 -0.208000 0.698000 -0.108000 -0.106000 
0.044500 0.302000 0.307000 0.096500 -0.151500 0.160500 -0.067000 0.693500 0.479500 
-0.021500 -0.287500 0.526000 0.007000 1.655000 0.006000 0.212000 0.549500 0.729500 
0.747500 0.026500 0.784000 -0.161000 0.000000 0.343500 -1.122500 -0.667000 -0.837500 
-0.851000 0.034000 0.191000 0.313500 0.896000 0.638500 0.154000 -1.807000 1.576500 
-1.662500 -0.654500 0.605500 -0.011500 0.254500 0.000000 -0.072000 1.816000 5.534000 
-0.053000 -0.055000 -0.560000 1.315000 0.663000 0.943000 1.216500 -0.055000 -0.053000 
-0.051000 -0.051000 -0.567500 -0.520000 -2.358000 1.724500 -2.125000 -0.051000 -0.051000 

-0.104000 -0.104000 -0.169500 -0.045000 0.194000 0.203500 0.057000 -0.104000 -0.104000 
-0.106000 -0.108000 0.046000 -0.044000 0.293000 -0.187500 -0.032000 -0.108000 -0.106000 
-0.219000 0.168000 -0.280500 0.076000 0.985500 0.054000 -0.574000 0.146000 -0.428000 
0.036000 -0.041000 0.229000 0.215000 0.043000 -0.056500 0.232000 -0.311000 -0.019000 
0.127000 0.131000 0.904000 0.130000 0.000000 0.113000 0.763000 -0.216000 -0.153500 
0.212000 -0.143000 0.128000 0.151000 0.002000 0.024000 0.134000 -0.229000 -0.279000 
-0.024000 0.150000 -0.425000 0.088000 0.600500 0.107000 0.000000 -0.035000 -0.207000 
-0.052000 -0.054000 0.174000 -0.187000 -0.026000 -0.273500 0.013500 -0.054000 -0.052000 
-0.050000 -0.050000 -0.248000 0.048000 -0.150500 -0.265000 -0.207000 -0.050000 -0.050000 

-0.104000 -0.104000 -0.379000 -0.039000 0.015500 0.129000 -0.157000 -0.104000 -0.104000 
-0.106000 -0.108000 0.179500 0.188000 0.149000 -0.010000 -0.463000 -0.108000 -0.106000 
-0.077000 -0.022500 -0.002000 -0.032000 0.614000 -0.052000 0.101000 0.339000 -0.068000 
0.062000 0.333000 0.230000 0.293500 0.263000 0.269000 0.230000 0.242500 -0.133000 
-0.263500 0.216000 -0.523000 0.087000 0.000000 0.190000 -0.608000 -0.026000 0.133000 
0.699500 -0.235000 0.128000 1.251000 -0.043000 -1.384000 0.133000 -0.286000 0.250000 
-0.050000 -0.397000 -0.276000 0.036000 -0.471000 0.118000 -0.777000 0.000000 0.127500 
-0.051000 -0.053000 0.263000 0.118500 -0.162000 -0.124000 0.830000 -0.053000 -0.051000 
-0.049000 -0.049000 0.245000 -0.261000 -0.282000 -0.096500 -0.331000 -0.049000 -0.049000 

-0.100000 -0.100000 0.211000 0.386500 0.265000 -0.063500 0.024500 -0.100000 -0.100000 
-0.106000 -0.108000 0.220000 0.078500 0.777500 0.912000 -0.487000 -0.108000 -0.106000 
0.003000 0.687000 0.338000 -0.181000 1.569500 -0.343000 0.548500 0.360000 -0.562000 
0.418000 0.118500 0.231000 0.747000 0.081000 0.516500 0.218000 -0.867500 -0.217000 
-0.310500 0.659500 2.361000 -0.299000 0.000000 -0.860000 2.443000 -0.492000 -0.885500 
0.517000 0.429500 0.130000 0.453000 -0.019000 -0.474000 0.138000 -0.536000 -2.315000 
0.824000 1.151000 0.374000 0.315000 1.651500 0.692000 -0.675000 -2.065000 0.000000 
-0.051000 -0.053000 0.746000 -1.354500 -0.459500 -1.076500 -1.590000 -0.053000 -0.051000 
-0.045000 -0.046000 0.169000 0.413500 -0.888000 -2.308000 -0.517000 -0.046000 -0.045000 

-0.100000 -0.100000 0.119000 0.026000 -0.006000 0.025000 0.118000 -0.100000 -0.100000 
-0.100000 -0.100000 0.007000 -0.062000 -0.050000 -0.062000 0.006000 -0.100000 -0.100000 
0.147000 -0.025000 -0.027000 0.079000 0.093000 0.080000 -0.026000 -0.025000 0.148000 
0.070000 -0.100000 0.232000 0.127000 0.057000 0.127000 0.231000 -0.100000 0.071000 
0.031000 -0.101000 0.110000 0.119000 0.000000 0.114000 0.110000 -0.099000 0.031000 
-0.003000 -0.035000 0.129000 0.093000 0.013000 0.093000 0.129000 -0.035000 -0.003000 
0.028000 0.037000 -0.100000 -0.012000 0.001000 -0.015000 -0.100000 0.038000 0.028000 
0.000000 -0.066000 -0.030000 -0.048000 -0.066000 -0.025000 0.000000 -0.066000 -0.066000 
-0.028000 -0.028000 0.080000 0.040000 0.001000 0.004000 0.046000 -0.028000 -0.028000 

-0.100000 -0.100000 0.119000 0.026000 -0.006000 0.026000 0.119000 -0.100000 -0.100000 
-0.100000 -0.100000 0.007000 -0.062000 -0.050000 -0.062000 0.006000 -0.100000 -0.100000 
0.148000 -0.024000 -0.027000 0.079000 0.093000 0.079000 -0.026000 -0.025000 0.148000 
0.070000 -0.100000 0.231000 0.126000 0.057000 0.127000 0.229000 -0.100000 0.072000 
0.031000 -0.101000 0.114000 0.117000 0.000000 0.114000 0.107000 -0.099000 0.032000 
-0.002000 -0.035000 0.128000 0.092000 0.013000 0.094000 0.131000 -0.035000 -0.003000 
0.029000 0.037000 -0.100000 -0.014000 0.001000 -0.014000 -0.100000 0.037000 0.025000 
-0.062000 0.000000 -0.032000 -0.049000 -0.066000 -0.025000 0.000000 -0.066000 -0.066000 
-0.028000 -0.028000 0.076000 0.038000 0.000000 0.008000 0.051000 -0.028000 -0.028000 

-0.104000 -0.104000 0.093000 0.177500 -0.277000 0.243000 -0.020000 -0.104000 -0.104000 
-0.106000 -0.108000 -0.628000 -0.143000 0.041000 0.067000 -0.133000 -0.108000 -0.106000 
-0.233000 -0.118000 -0.038000 0.069000 0.118000 0.100000 -0.089000 0.361000 -0.290000 
-0.056500 -0.040000 0.232000 1.101500 0.059000 0.314000 0.231000 -0.008000 0.219000 
0.112000 -0.164000 0.007000 0.121000 0.000000 0.117000 1.517500 0.367000 0.134000 
-0.174000 -0.172000 0.136000 -0.969000 -0.083000 0.249000 0.129000 -0.413000 -0.043000 
-0.688000 -0.427000 -0.491500 -0.024000 -0.009000 0.016000 0.309500 -0.006000 -0.134000 
-0.068000 -0.070000 0.000000 -0.529000 -0.260000 -0.232500 -0.360000 -0.072000 -0.070000 
-0.026000 -0.026000 -0.025000 -0.133000 0.269500 0.351000 -0.032000 -0.026000 -0.026000 

-0.100000 -0.100000 -0.205000 0.039500 -0.099000 0.075000 -0.357500 -0.100000 -0.100000 
-0.106000 -0.108000 -0.261000 0.337000 0.105000 -0.407000 0.039000 -0.108000 -0.106000 
-0.014000 0.036500 -0.480000 0.056000 0.073500 0.016000 0.597500 0.175000 -0.027000 
-0.082000 -0.351000 0.231000 0.357500 0.055000 0.513500 0.230000 -0.292500 -0.011500 
-0.344000 -0.243000 0.435500 0.118000 0.000000 0.114000 2.045000 0.407000 0.005000 
-0.635000 -0.242000 0.129000 0.034000 0.000000 -0.118500 0.132000 -0.472000 0.272500 
-0.090000 -0.431000 1.375000 -0.059000 -0.051000 -0.038000 0.621500 -0.146500 -0.135000 
-0.069000 -0.071000 -0.546000 0.000000 -0.422000 -0.721000 -0.391000 -0.071000 -0.069000 
-0.028000 -0.028000 -0.001000 -0.288000 -0.122000 0.052000 0.802500 -0.028000 -0.028000 

-0.100000 -0.100000 -0.075000 0.200000 -0.233000 0.200000 -0.075000 -0.100000 -0.100000 
-0.106000 -0.108000 -0.114000 -0.236000 -0.333000 -0.236000 -0.114000 -0.108000 -0.106000 
0.192000 0.062000 1.095000 0.051000 -0.326500 0.051000 1.095000 0.062000 0.192000 
-0.145000 -0.171000 0.232000 0.979500 0.033000 0.979500 0.232000 -0.171000 -0.145000 
-0.124000 -0.099000 0.292000 0.116000 0.000000 0.116000 0.292000 -0.099000 -0.124000 
-0.147000 -0.134000 0.129000 -0.096000 0.013000 -0.096000 0.129000 -0.134000 -0.147000 
-0.180000 -0.129500 -0.400000 -0.001000 -0.377000 -0.001000 -0.400000 -0.129500 -0.180000 
-0.069000 -0.071000 -0.155000 -0.212000 0.000000 -0.212000 -0.155000 -0.071000 -0.069000 
-0.028000 -0.028000 -0.034000 0.236000 0.117500 0.236000 -0.034000 -0.028000 -0.028000 

-0.100000 -0.100000 -0.357500 0.075000 -0.099000 0.039500 -0.205000 -0.100000 -0.100000 
-0.106000 -0.108000 0.039000 -0.407000 0.105000 0.337000 -0.261000 -0.108000 -0.106000 
-0.027000 0.175000 0.597500 0.016000 0.073500 0.056000 -0.480000 0.036500 -0.014000 
-0.011500 -0.292500 0.230000 0.513500 0.055000 0.357500 0.231000 -0.351000 -0.082000 
0.005000 0.407000 2.045000 0.114000 0.000000 0.118000 0.435500 -0.243000 -0.344000 
0.272500 -0.472000 0.132000 -0.118500 0.000000 0.034000 0.129000 -0.242000 -0.635000 
-0.135000 -0.146500 0.621500 -0.038000 -0.051000 -0.059000 1.375000 -0.431000 -0.090000 
-0.069000 -0.071000 -0.391000 -0.721000 -0.422000 0.000000 -0.546000 -0.071000 -0.069000 
-0.028000 -0.028000 0.802500 0.052000 -0.122000 -0.288000 -0.001000 -0.028000 -0.028000 

-0.104000 -0.104000 -0.020000 0.243000 -0.277000 0.177500 0.093000 -0.104000 -0.104000 
-0.106000 -0.108000 -0.133000 0.067000 0.041000 -0.143000 -0.628000 -0.108000 -0.106000 
-0.290000 0.361000 -0.089000 0.100000 0.118000 0.069000 -0.038000 -0.118000 -0.233000 
0.219000 -0.008000 0.231000 0.314000 0.059000 1.101500 0.232000 -0.040000 -0.056500 
0.134000 0.367000 1.517500 0.117000 0.000000 0.121000 0.007000 -0.164000 0.112000 
-0.043000 -0.413000 0.129000 0.249000 -0.083000 -0.969000 0.136000 -0.172000 -0.174000 
-0.134000 -0.006000 0.309500 0.016000 -0.009000 -0.024000 -0.491500 -0.427000 -0.688000 
-0.070000 -0.072000 -0.360000 -0.232500 -0.260000 -0.529000 0.000000 -0.070000 -0.068000 
-0.026000 -0.026000 -0.032000 0.351000 0.269500 -0.133000 -0.025000 -0.026000 -0.026000 

-0.100000 -0.100000 0.119000 0.026000 -0.006000 0.026000 0.119000 -0.100000 -0.100000 
-0.100000 -0.100000 0.006000 -0.062000 -0.050000 -0.062000 0.007000 -0.100000 -0.100000 
0.148000 -0.025000 -0.026000 0.079000 0.093000 0.079000 -0.027000 -0.024000 0.148000 
0.072000 -0.100000 0.229000 0.127000 0.057000 0.126000 0.231000 -0.100000 0.070000 
0.032000 -0.099000 0.107000 0.114000 0.000000 0.117000 0.114000 -0.101000 0.031000 
-0.003000 -0.035000 0.131000 0.094000 0.013000 0.092000 0.128000 -0.035000 -0.002000 
0.025000 0.037000 -0.100000 -0.014000 0.001000 -0.014000 -0.100000 0.037000 0.029000 
-0.066000 -0.066000 0.000000 -0.025000 -0.066000 -0.049000 -0.032000 0.000000 -0.062000 
-0.028000 -0.028000 0.051000 0.008000 0.000000 0.038000 0.076000 -0.028000 -0.028000 

-0.100000 -0.100000 0.118000 0.025000 -0.006000 0.026000 0.119000 -0.100000 -0.100000 
-0.100000 -0.100000 0.006000 -0.062000 -0.050000 -0.062000 0.007000 -0.100000 -0.100000 
0.148000 -0.025000 -0.026000 0.080000 0.093000 0.079000 -0.027000 -0.025000 0.147000 
0.071000 -0.100000 0.231000 0.127000 0.057000 0.127000 0.232000 -0.100000 0.070000 
0.031000 -0.099000 0.110000 0.114000 0.000000 0.119000 0.110000 -0.101000 0.031000 
-0.003000 -0.035000 0.129000 0.093000 0.013000 0.093000 0.129000 -0.035000 -0.003000 
0.028000 0.038000 -0.100000 -0.015000 0.001000 -0.012000 -0.100000 0.037000 0.028000 
-0.066000 -0.066000 0.000000 -0.025000 -0.066000 -0.048000 -0.030000 -0.066000 0.000000 
-0.028000 -0.028000 0.046000 0.004000 0.001000 0.040000 0.080000 -0.028000 -0.028000 

-0.100000 -0.100000 0.118000 0.025000 -0.006000 0.025000 0.118000 -0.100000 -0.100000 
-0.106000 -0.108000 0.007000 -0.062000 -0.050000 -0.062000 0.007000 -0.108000 -0.106000 
0.147000 -0.025000 -0.026000 0.080000 0.093000 0.080000 -0.026000 -0.025000 0.147000 
0.071000 -0.100000 0.232000 0.127000 0.057000 0.127000 0.232000 -0.100000 0.071000 
0.031000 -0.092000 0.110000 0.116000 0.000000 0.116000 0.110000 -0.089000 0.031000 
-0.003000 -0.035000 0.129000 0.093000 0.013000 0.093000 0.129000 -0.035000 -0.003000 
0.028000 0.037000 -0.100000 -0.014000 0.001000 -0.014000 -0.100000 0.037000 0.028000 
-0.106000 -0.108000 -0.048000 -0.058000 -0.050000 -0.058000 -0.048000 -0.108000 -0.106000 
0.000000 -0.062000 0.044000 0.004000 -0.031000 -0.012000 -0.007000 -0.062000 -0.062000 

-0.100000 -0.100000 0.119000 0.025000 -0.006000 0.025000 0.119000 -0.100000 -0.100000 
-0.106000 -0.108000 0.007000 -0.061000 -0.050000 -0.062000 0.008000 -0.108000 -0.106000 
0.147000 -0.026000 -0.026000 0.080000 0.093000 0.080000 -0.026000 -0.025000 0.147000 
0.071000 -0.100000 0.231000 0.127000 0.057000 0.127000 0.231000 -0.100000 0.072000 
0.030000 -0.093000 0.110000 0.115000 0.000000 0.117000 0.108000 -0.089000 0.032000 
-0.004000 -0.035000 0.136000 0.093000 0.013000 0.093000 0.128000 -0.035000 -0.003000 
0.030000 0.037000 -0.100000 -0.014000 0.001000 -0.014000 -0.100000 0.037000 0.026000 
-0.106000 -0.108000 -0.048000 -0.058000 -0.050000 -0.058000 -0.048000 -0.108000 -0.106000 
-0.050000 0.000000 0.037000 0.000000 -0.032000 -0.011000 -0.010000 -0.062000 -0.062000 

-0.100000 -0.100000 0.957000 0.544000 -0.142000 0.300000 0.098000 -0.100000 -0.100000 
-0.106000 -0.108000 0.956000 0.700000 0.317000 0.379000 0.354000 -0.108000 -0.106000 
0.107000 0.891500 0.137000 -0.440000 1.072500 -0.202500 0.298500 0.725000 0.224000 
0.424000 -1.034000 0.232000 0.290500 0.064000 0.531000 0.244000 -0.057500 0.359000 
-0.879500 -0.532000 2.248000 -0.392000 0.000000 0.030500 2.318500 0.568500 0.005500 
-2.132000 -1.150000 0.138000 -0.493000 0.151000 0.392000 0.078000 0.337000 0.001500 
-0.677000 -2.073000 -0.848000 0.106000 1.426000 -0.117000 0.594500 -0.769000 -0.434000 
-0.106000 -0.108000 -1.692000 -0.503000 -0.381000 -0.844000 0.312500 -0.108000 -0.106000 
-0.052000 -0.052000 0.000000 -2.058500 -0.197000 -0.293500 -0.437000 -0.059000 -0.059000 

-0.100000 -0.100000 0.024500 -0.013000 0.274000 -0.097000 -0.507500 -0.100000 -0.100000 
-0.106000 -0.108000 0.519000 0.707500 0.422000 0.298500 0.048000 -0.108000 -0.106000 
-0.275000 0.339000 0.318000 -0.111000 0.960500 -0.008000 0.397000 0.201000 -0.479000 
0.276500 0.119500 0.233000 0.193500 0.100000 0.377000 0.230000 0.521000 0.251500 
-0.068000 -0.410000 0.556000 0.058000 0.000000 0.121000 0.191000 0.378000 -0.236500 
-0.330000 -0.482000 0.136000 -0.929000 0.098000 0.933500 0.129000 -0.051000 0.494000 
-0.945500 -0.340000 -0.614000 -0.047000 -0.625500 0.135000 -0.196000 -0.337000 -0.524000 
-0.106000 -0.108000 -0.304000 -0.345000 -0.350000 0.083500 0.951000 -0.108000 -0.106000 
-0.056000 -0.056000 -0.713000 0.000000 -0.353000 -1.020500 -0.629500 -0.057000 -0.057000 

-0.100000 -0.100000 0.504500 0.797000 0.515500 0.797000 0.504500 -0.100000 -0.100000 
-0.106000 -0.108000 1.093500 1.281500 0.318000 1.281500 1.093500 -0.108000 -0.106000 
0.367500 1.040000 0.677500 0.036000 2.079000 0.036000 0.677500 1.040000 0.367500 
1.288000 0.620000 0.232000 1.202500 -0.277000 1.202500 0.232000 0.620000 1.288000 
0.134000 -0.007000 0.551000 -0.217500 0.000000 -0.217500 0.551000 -0.007000 0.134000 
-0.657000 -0.152500 0.129000 0.718000 0.034000 0.718000 0.129000 -0.152500 -0.657000 
-0.052000 -1.200000 -0.935000 -2.049500 -1.055000 -2.049500 -0.935000 -1.200000 -0.052000 
-0.106000 -0.108000 -0.469000 -0.352000 -0.870000 -0.352000 -0.469000 -0.108000 -0.106000 
-0.056000 -0.056000 -1.271000 -1.223000 0.000000 -1.223000 -1.271000 -0.056000 -0.056000 

-0.100000 -0.100000 -0.507500 -0.097000 0.274000 -0.013000 0.024500 -0.100000 -0.100000 
-0.106000 -0.108000 0.048000 0.298500 0.422000 0.707500 0.519000 -0.108000 -0.106000 
-0.479000 0.201000 0.397000 -0.008000 0.960500 -0.111000 0.318000 0.339000 -0.275000 
0.251500 0.521000 0.230000 0.377000 0.100000 0.193500 0.233000 0.119500 0.276500 
-0.236500 0.378000 0.191000 0.121000 0.000000 0.058000 0.556000 -0.410000 -0.068000 
0.494000 -0.051000 0.129000 0.933500 0.098000 -0.929000 0.136000 -0.482000 -0.330000 
-0.524000 -0.337000 -0.196000 0.135000 -0.625500 -0.047000 -0.614000 -0.340000 -0.945500 
-0.106000 -0.108000 0.951000 0.083500 -0.350000 -0.345000 -0.304000 -0.108000 -0.106000 
-0.057000 -0.057000 -0.629500 -1.020500 -0.353000 0.000000 -0.713000 -0.056000 -0.056000 

-0.100000 -0.100000 0.098000 0.300000 -0.142000 0.544000 0.957000 -0.100000 -0.100000 
-0.106000 -0.108000 0.354000 0.379000 0.317000 0.700000 0.956000 -0.108000 -0.106000 
0.224000 0.725000 0.298500 -0.202500 1.072500 -0.440000 0.137000 0.891500 0.107000 
0.359000 -0.057500 0.244000 0.531000 0.064000 0.290500 0.232000 -1.034000 0.424000 
0.005500 0.568500 2.318500 0.030500 0.000000 -0.392000 2.248000 -0.532000 -0.879500 
0.001500 0.337000 0.078000 0.392000 0.151000 -0.493000 0.138000 -1.150000 -2.132000 
-0.434000 -0.769000 0.594500 -0.117000 1.426000 0.106000 -0.848000 -2.073000 -0.677000 
-0.106000 -0.108000 0.312500 -0.844000 -0.381000 -0.503000 -1.692000 -0.108000 -0.106000 
-0.059000 -0.059000 -0.437000 -0.293500 -0.197000 -2.058500 0.000000 -0.052000 -0.052000 

-0.100000 -0.100000 0.119000 0.025000 -0.006000 0.025000 0.119000 -0.100000 -0.100000 
-0.106000 -0.108000 0.008000 -0.062000 -0.050000 -0.061000 0.007000 -0.108000 -0.106000 
0.147000 -0.025000 -0.026000 0.080000 0.093000 0.080000 -0.026000 -0.026000 0.147000 
0.072000 -0.100000 0.231000 0.127000 0.057000 0.127000 0.231000 -0.100000 0.071000 
0.032000 -0.089000 0.108000 0.117000 0.000000 0.115000 0.110000 -0.093000 0.030000 
-0.003000 -0.035000 0.128000 0.093000 0.013000 0.093000 0.136000 -0.035000 -0.004000 
0.026000 0.037000 -0.100000 -0.014000 0.001000 -0.014000 -0.100000 0.037000 0.030000 
-0.106000 -0.108000 -0.048000 -0.058000 -0.050000 -0.058000 -0.048000 -0.108000 -0.106000 
-0.062000 -0.062000 -0.010000 -0.011000 -0.032000 0.000000 0.037000 0.000000 -0.050000 

-0.100000 -0.100000 0.118000 0.025000 -0.006000 0.025000 0.118000 -0.100000 -0.100000 
-0.106000 -0.108000 0.007000 -0.062000 -0.050000 -0.062000 0.007000 -0.108000 -0.106000 
0.147000 -0.025000 -0.026000 0.080000 0.093000 0.080000 -0.026000 -0.025000 0.147000 
0.071000 -0.100000 0.232000 0.127000 0.057000 0.127000 0.232000 -0.100000 0.071000 
0.031000 -0.089000 0.110000 0.116000 0.000000 0.116000 0.110000 -0.092000 0.031000 
-0.003000 -0.035000 0.129000 0.093000 0.013000 0.093000 0.129000 -0.035000 -0.003000 
0.028000 0.037000 -0.100000 -0.014000 0.001000 -0.014000 -0.100000 0.037000 0.028000 
-0.106000 -0.108000 -0.048000 -0.058000 -0.050000 -0.058000 -0.048000 -0.108000 -0.106000 
-0.062000 -0.062000 -0.007000 -0.012000 -0.031000 0.004000 0.044000 -0.062000 0.000000 

-0.208000 -0.208000 1.180000 0.457500 3.335000 0.457500 1.180000 -0.208000 -0.208000 
-0.206000 -0.208000 1.839000 1.837000 1.172000 1.837000 1.839000 -0.208000 -0.206000 
2.043000 -1.011500 1.718000 4.089500 -1.202000 4.089500 1.718000 -1.011500 2.043000 
1.156500 2.372500 5.146000 2.674000 5.404000 2.674000 5.146000 2.372500 1.156500 
4.876500 0.578000 -7.028500 5.418500 -0.000000 5.418500 -7.028500 0.578000 4.876500 
1.156500 2.372500 5.146000 2.674000 5.404000 2.674000 5.146000 2.372500 1.156500 
2.043000 -1.011500 1.718000 4.089500 -1.202000 4.089500 1.718000 -1.011500 2.043000 
-0.206000 -0.208000 1.839000 1.837000 1.172000 1.837000 1.839000 -0.208000 -0.206000 
-0.208000 -0.208000 1.180000 0.457500 3.335000 0.457500 1.180000 -0.208000 -0.208000 

